image_width: 640
image_height: 480
camera_name: narrow_stereo
camera_matrix:
  rows: 3
  cols: 3
  data: [815.688050, 0.000000, 314.239885, 0.000000, 816.183424, 230.928806, 0.000000, 0.000000, 1.000000]
distortion_model: plumb_bob
distortion_coefficients:
  rows: 1
  cols: 5
  data: [-0.104999, 0.012432, 0.000763, -0.000801, 0.000000]
rectification_matrix:
  rows: 3
  cols: 3
  data: [1.000000, 0.000000, 0.000000, 0.000000, 1.000000, 0.000000, 0.000000, 0.000000, 1.000000]
projection_matrix:
  rows: 3
  cols: 4
  data: [802.277161, 0.000000, 313.723104, 0.000000, 0.000000, 808.711548, 230.927678, 0.000000, 0.000000, 0.000000, 1.000000, 0.000000]
