# oST version 5.0 parameters


[image]

width
640

height
480

[narrow_stereo]

camera matrix
815.688050 0.000000 314.239885
0.000000 816.183424 230.928806
0.000000 0.000000 1.000000

distortion
-0.104999 0.012432 0.000763 -0.000801 0.000000

rectification
1.000000 0.000000 0.000000
0.000000 1.000000 0.000000
0.000000 0.000000 1.000000

projection
802.277161 0.000000 313.723104 0.000000
0.000000 808.711548 230.927678 0.000000
0.000000 0.000000 1.000000 0.000000

